enter: 0.06038475036621094s
sleep: 1.3396198749542236s
enter: 0.05184125900268555s
sleep: 1.3223330974578857s
enter: 0.05138111114501953s
sleep: 1.701279878616333s
